5 3 1 1
1 2 2 1 2
5 3 1 2
1 2 2 1 2
5 3 1 3
1 2 2 1 2
5 3 1 4
1 2 2 1 2
5 3 1 5
1 2 2 1 2
5 3 1 6
1 2 2 1 2
5 3 1 7
1 2 2 1 2
5 3 1 8
1 2 2 1 2
5 3 1 9
1 2 2 1 2
5 3 1 10
1 2 2 1 2
5 3 1 11
1 2 2 1 2
5 3 1 12
1 2 2 1 2
5 3 1 13
1 2 2 1 2
5 3 1 14
1 2 2 1 2
5 3 1 15
1 2 2 1 2
5 3 1 16
1 2 2 1 2
5 3 1 17
1 2 2 1 2
5 3 1 18
1 2 2 1 2
5 3 1 19
1 2 2 1 2
5 3 1 20
1 2 2 1 2
5 3 1 100
1 2 2 1 2
5 3 1 38
1 2 2 1 2
5 2 1 39
1 2 2 1 2
5 2 1 40
1 2 2 1 2
6 3 1 10
1 2 2 1 2 1
7 3 1 10
1 2 2 1 2 2 1
8 3 1 10
1 2 2 1 2 1 2 1
9 3 1 10
1 2 2 1 2 2 1 1 1
5 2 1 1
1 2 2 1 2
5 2 1 10
1 2 2 1 2
5 2 1 20
1 2 2 1 2
5 2 1 100
1 2 2 1 2
6 2 1 10
1 2 2 1 2 1
7 2 1 10
1 2 2 1 2 2 1
8 2 1 10
1 2 2 1 2 1 2 1
9 2 1 10
1 2 2 1 2 2 1 1 1
9 2 1 10
1 2 3 10 2 25 1 10 3
9 2 1 1000
1 2 3 1 2 3 1 2 3
9 2 1 1000
1 1 1 1 1 1 1 1 1
9 3 1 1000
1 1 1 1 1 1 1 1 1
500 3 250 100000
1 2 2 1 2 1 2 2 1 2 1 2 2 1 2 1 2 2 1 2 1 2 2 1 2 1 2 2 1 2 1 2 2 1 2 1 2 2 1 2 1 2 2 1 2 1 2 2 1 2 1 2 2 1 2 1 2 2 1 2 1 2 2 1 2 1 2 2 1 2 1 2 2 1 2 1 2 2 1 2 1 2 2 1 2 1 2 2 1 2 1 2 2 1 2 1 2 2 1 2 1 2 2 1 2 1 2 2 1 2 1 2 2 1 2 1 2 2 1 2 1 2 2 1 2 1 2 2 1 2 1 2 2 1 2 1 2 2 1 2 1 2 2 1 2 1 2 2 1 2 1 2 2 1 2 1 2 2 1 2 1 2 2 1 2 1 2 2 1 2 1 2 2 1 2 1 2 2 1 2 1 2 2 1 2 1 2 2 1 2 1 2 2 1 2 1 2 2 1 2 1 2 2 1 2 1 2 2 1 2 1 2 2 1 2 1 2 2 1 2 1 2 2 1 2 1 2 2 1 2 1 2 2 1 2 1 2 2 1 2 1 2 2 1 2 1 2 2 1 2 1 2 2 1 2 1 2 2 1 2 1 2 2 1 2 1 2 2 1 2 1 2 2 1 2 1 2 2 1 2 1 2 2 1 2 1 2 2 1 2 1 2 2 1 2 1 2 2 1 2 1 2 2 1 2 1 2 2 1 2 1 2 2 1 2 1 2 2 1 2 1 2 2 1 2 1 2 2 1 2 1 2 2 1 2 1 2 2 1 2 1 2 2 1 2 1 2 2 1 2 1 2 2 1 2 1 2 2 1 2 1 2 2 1 2 1 2 2 1 2 1 2 2 1 2 1 2 2 1 2 1 2 2 1 2 1 2 2 1 2 1 2 2 1 2 1 2 2 1 2 1 2 2 1 2 1 2 2 1 2 1 2 2 1 2 1 2 2 1 2 1 2 2 1 2 1 2 2 1 2 1 2 2 1 2 1 2 2 1 2 1 2 2 1 2 1 2 2 1 2 1 2 2 1 2 1 2 2 1 2 1 2 2 1 2 1 2 2 1 2 1 2 2 1 2 1 2 2 1 2 1 2 2 1 2 1 2 2 1 2 1 2 2 1 2 1 2 2 1 2
500 2 250 100000
1 2 2 1 2 1 2 2 1 2 1 2 2 1 2 1 2 2 1 2 1 2 2 1 2 1 2 2 1 2 1 2 2 1 2 1 2 2 1 2 1 2 2 1 2 1 2 2 1 2 1 2 2 1 2 1 2 2 1 2 1 2 2 1 2 1 2 2 1 2 1 2 2 1 2 1 2 2 1 2 1 2 2 1 2 1 2 2 1 2 1 2 2 1 2 1 2 2 1 2 1 2 2 1 2 1 2 2 1 2 1 2 2 1 2 1 2 2 1 2 1 2 2 1 2 1 2 2 1 2 1 2 2 1 2 1 2 2 1 2 1 2 2 1 2 1 2 2 1 2 1 2 2 1 2 1 2 2 1 2 1 2 2 1 2 1 2 2 1 2 1 2 2 1 2 1 2 2 1 2 1 2 2 1 2 1 2 2 1 2 1 2 2 1 2 1 2 2 1 2 1 2 2 1 2 1 2 2 1 2 1 2 2 1 2 1 2 2 1 2 1 2 2 1 2 1 2 2 1 2 1 2 2 1 2 1 2 2 1 2 1 2 2 1 2 1 2 2 1 2 1 2 2 1 2 1 2 2 1 2 1 2 2 1 2 1 2 2 1 2 1 2 2 1 2 1 2 2 1 2 1 2 2 1 2 1 2 2 1 2 1 2 2 1 2 1 2 2 1 2 1 2 2 1 2 1 2 2 1 2 1 2 2 1 2 1 2 2 1 2 1 2 2 1 2 1 2 2 1 2 1 2 2 1 2 1 2 2 1 2 1 2 2 1 2 1 2 2 1 2 1 2 2 1 2 1 2 2 1 2 1 2 2 1 2 1 2 2 1 2 1 2 2 1 2 1 2 2 1 2 1 2 2 1 2 1 2 2 1 2 1 2 2 1 2 1 2 2 1 2 1 2 2 1 2 1 2 2 1 2 1 2 2 1 2 1 2 2 1 2 1 2 2 1 2 1 2 2 1 2 1 2 2 1 2 1 2 2 1 2 1 2 2 1 2 1 2 2 1 2 1 2 2 1 2 1 2 2 1 2 1 2 2 1 2 1 2 2 1 2 1 2 2 1 2 1 2 2 1 2 1 2 2 1 2 1 2 2 1 2 1 2 2 1 2 1 2 2 1 2
9 2 1 10
1 2 3 10 2 25 1 10 3
5 3 1 1
1 2 2 1 2
5 3 1 1
2 2 2 2 1
5 3 1 10
1 2 2 1 2
5 3 1 10
2 0 0 2 2
5 3 0 10
0 0 2 0 0
5 3 0 10
0 0 2 0 0
5 7 1 16
4 4 0 0 3
5 7 1 16
5 5 1 1 4
1 10 0 15
0 0
2 10 0 14
0 0
2 10 0 14
0 0
3 10 1 7
5 1 8
3 10 1 7
6 6 6
4 10 1 9
5 8 4 3
4 10 1 9
6 7 5 2
5 10 2 35
9 8 3 4 7
5 10 2 35
5 5 5 5 5
30 43045 10 100
19277 34938 40261 33450 36819 26031 19243 39164 25975 35990 17449 19045 27492 8963 39608 28471 35681 42474 30225 33724 13851 42221 38854 36184 17570 2071 24739 29091 40354 15414
30 43045 10 100
6093 26458 1727 17681 12575 29175 34903 38276 17909 34185 16759 41290 10219 13153 17142 10612 42821 37900 32771 9435 37400 38131 18246 14393 30910 26461 11614 1183 12504 8138
100 145974 10 1050
5259 85319 76857 29989 79386 102739 122635 63519 56404 46069 78450 48401 1016 80985 92966 66340 42596 5983 135391 139391 113199 13454 142403 43139 99123 15114 139559 14103 84417 11070 33838 104748 109280 76978 124219 63236 70586 40008 56297 45823 136311 118620 114340 24754 38499 42285 22227 24254 25112 42791 95521 142259 10730 138476 135069 81903 71377 8203 101517 142896 64214 36689 77777 112384 130640 62029 128422 122035 82482 129364 117604 129923 86706 488 21482 123303 137424 44654 139874 109406 73746 41407 64410 19704 40817 53421 114137 127513 14145 119155 81584 133719 109258 76782 95017 75045 77801 137534 118602 114847
100 145974 10 1050
116816 67185 31813 139849 99481 137783 98933 14945 34716 82944 6206 97703 5988 66751 120371 127413 111464 59074 101013 98298 26122 131602 107720 125910 69220 29061 126035 127577 117496 66685 110085 12429 78391 115383 36855 2516 38503 123950 45952 24090 34948 82413 16861 105292 142859 11129 39706 65001 60239 145508 86555 41091 119216 113744 105959 143938 134168 70646 145635 40375 53534 43898 8785 136613 138426 36178 35676 106925 82538 62584 62661 33599 105970 29230 67959 128553 120010 130132 102836 45226 125633 80689 128958 124552 48777 25761 44980 1300 77869 101026 105814 46604 117723 12925 101933 117705 105937 108852 120569 16750
200 90250 67 10456
76736 66827 72261 36013 34608 4436 22375 54725 48414 63104 39950 80788 46885 11703 24127 77955 542 77999 79009 63574 74887 16797 259 40318 57811 54387 20684 85943 28378 7634 10037 24325 14963 28354 32528 18819 23299 38457 43877 22071 32525 88120 52046 9967 31165 11085 12593 61964 7003 22738 15668 4358 7919 48428 80721 70360 52268 14305 70804 82429 50987 16271 80426 9578 16405 27186 48969 81992 43040 88563 81732 21561 19510 60254 5000 38019 45952 9738 43331 35678 26944 88902 17332 86579 970 32286 78225 13913 82532 57814 61622 13411 88829 9851 70686 21194 28478 14750 47938 71637 35078 75334 88557 30623 65719 24356 21529 120 68100 16024 56621 5079 78993 42482 75925 32956 10093 53233 44802 74731 73106 21763 68616 19364 20751 48207 88196 88423 5650 67976 41805 83458 15399 22291 80424 73216 8929 15406 84744 26169 13826 5870 11070 67810 8332 45722 88891 86553 66081 28324 5694 51857 667 3884 27656 84236 25965 68488 78171 61426 89940 28300 38713 11505 74726 55896 46615 39340 9843 58509 38151 89540 9460 13023 64121 52172 28191 25372 39695 18033 3714 67803 49596 61618 74568 1786 5758 35449 42545 65660 4156 62521 69416 43159 42573 89677 17521 44553 39868 46024
200 90250 67 10456
75053 47549 68320 12778 54659 38064 65012 63257 59206 10131 63778 54967 67970 29710 84220 61379 1112 79971 18235 70159 81531 65592 41411 12926 85308 40461 37689 45184 20973 4664 49241 2697 5008 34540 24090 25747 22480 78351 25298 15064 71505 3931 36507 63616 20450 48194 68050 80049 77413 3446 80240 70244 5810 38839 19712 59378 19397 52291 10322 54315 21004 28564 44518 65824 77165 9321 33320 63739 65281 58934 63692 36141 60247 68097 83664 28611 11068 50805 79398 52492 75593 88598 37782 41406 6967 46897 73538 87071 13490 41942 52156 70287 70621 34373 14896 77496 52584 1847 16021 80225 2848 3099 9524 46950 13566 16496 65003 46275 65339 46008 44874 25679 80886 47153 56281 45038 33060 40674 88022 58631 65379 60249 21791 59123 43707 11551 33766 55846 49232 72338 79854 21272 1024 35410 71088 59556 13092 70811 35266 49868 26643 1971 81344 72655 72833 39677 74233 63457 73804 84375 16699 55194 44104 84143 71006 71160 265 53969 38274 58440 23003 31162 38285 24368 52073 85057 43110 15599 18360 49618 11413 8909 2827 83413 2418 1537 80266 78407 79187 66688 71464 73631 71269 61503 26961 36766 57018 22858 33141 85512 84776 33459 20420 87958 9604 23243 48367 26246 15328 32857
100 432543 45 105805
84757 44749 120560 240465 111217 61733 319536 68271 299654 15842 307684 69319 225854 376506 137546 171250 339776 423493 281531 71046 399359 12957 54098 294188 197556 265934 162106 104774 115762 360990 49869 99702 10019 264626 278004 126388 234996 309264 386357 140864 68080 315465 101102 52513 150113 198056 175617 332942 95919 211096 127952 84083 270181 392385 194321 182342 395694 173986 219731 191844 312926 98425 426210 340212 99638 335180 23800 61448 327789 316119 118691 290203 315278 23811 179246 363198 123999 114414 353601 388677 52613 327723 413528 155947 131428 70480 48713 39080 72217 409254 153273 373633 233911 329179 96466 218762 380384 119921 351602 418155
100 432543 45 105805
347891 96854 363651 262366 239128 121977 254362 197337 234665 138092 338529 176382 269738 67097 386553 111368 404297 360314 343790 260993 185968 428775 48997 119006 147206 127491 338558 92725 218918 299978 310156 169148 205467 265304 411904 97861 337669 80968 263059 411140 250965 183610 358474 27123 285366 418080 205887 157726 383698 419194 280803 255415 347045 204824 409525 254888 334388 231800 117018 226110 42807 93744 268919 39556 273427 365957 238488 65998 132920 10273 209053 171929 95733 269623 44741 208976 353127 68006 165613 345300 285833 207353 155283 138248 355924 231256 258225 411296 232454 216031 232976 47983 125944 305045 29228 229008 348002 131143 4269 172625
300 98254 76 1064565
26076 22499 21405 89252 78741 25991 78700 97360 73348 14124 41416 48733 67333 89542 65038 86629 37955 54173 88380 6708 36411 1726 38795 55864 78 85096 38632 66979 87209 46680 15738 35347 64877 8429 12203 59605 39182 14638 53737 50951 26849 69936 38722 31978 18571 81421 32272 4204 47441 22729 97905 58270 95131 72872 3039 49758 86055 15960 43371 55007 47820 61867 30857 94716 49543 64987 97555 94070 45475 38051 16167 90134 70656 68063 50903 34044 80892 25856 88616 33899 31165 74813 14705 42004 25138 61285 97947 77999 98231 20442 74709 40644 7317 27445 68993 52419 14175 6496 24569 45830 39029 36630 48735 75959 87264 47353 63411 19032 62527 81635 33185 92415 51627 68501 1166 20652 29595 37093 72358 2407 21195 58326 17541 74731 11122 10855 62058 96124 546 78675 27018 39800 42621 62851 8510 18394 15972 35908 7964 75397 452 77472 78065 97990 80748 96757 18558 33925 19 84242 38952 30223 92843 78651 96045 37702 38641 44231 60173 22019 58107 74353 39308 79617 62140 84749 18154 76320 49391 51082 57310 22932 62138 3280 62287 68651 98129 94420 23548 252 7545 5732 81244 26336 18356 19707 87649 32597 3266 26138 35165 20843 47477 21248 89493 47630 86588 84177 72906 66269 43917 1231 35703 2288 54279 10171 41347 23960 91042 34706 66451 11543 8168 11395 57071 4551 50984 5548 10813 90299 47136 16343 77072 88362 33459 83713 4512 97926 88078 56805 40580 51938 11004 78724 8426 81962 12318 17438 90699 83268 54438 27468 94721 38425 39248 30121 89860 29336 9511 51225 26771 71283 49869 39301 1129 25370 88533 71464 97970 66800 21837 12121 54585 49437 18910 72170 85283 61788 3935 7317 10992 72699 89199 24430 51207 28496 23005 4614 77365 19311 64286 62792 46516 58633 21577 84158 35543 27211 96345 29106 89342 62281 22714 71683 22651 27280 94441 54190 27582 62462
300 98254 76 1064565
49622 54728 65400 56181 39420 33588 58003 22015 77212 63898 43516 36054 92229 88297 94348 35412 73078 93173 60585 13979 24651 71188 89340 96242 44749 61920 42734 22528 66853 41022 8040 74500 2372 49737 82439 4292 48092 58532 38520 42555 46367 17864 20872 150 57719 7809 29943 29017 10454 85095 37639 48006 58720 8637 21891 64393 19640 21187 37728 1062 50932 6903 87096 95391 95222 48240 85438 35584 14835 92160 91644 73485 54891 82494 50810 18629 13390 58412 41048 73879 33568 97781 65684 26736 97009 30017 21745 42943 28205 81856 94705 15569 77077 45804 3563 77743 33023 16837 51504 38903 70171 35670 61621 78592 47170 60964 15295 73073 76432 92149 61811 85631 78396 32509 22258 12439 68295 84057 5611 21338 6427 97504 17246 66923 22235 35584 55071 66735 25212 14923 89689 38236 39968 15409 75974 68469 50561 88106 95707 14588 75609 11272 26722 10800 29962 96877 21326 36344 16473 67558 95987 48942 91253 33424 84587 10892 35358 70544 70662 65045 33202 37462 69999 15915 16603 75202 250 54340 71711 92685 10298 40090 46569 91656 54079 59408 93790 24407 70287 42837 88969 65824 25945 95859 43207 80483 84534 46527 70716 53636 5401 9164 88994 17739 94361 49149 83134 47107 34817 43088 56792 25752 5693 26549 64732 87234 3851 90850 40397 61034 18213 56703 58721 27197 90672 73696 144 75284 35190 83117 86379 73231 95804 30532 71396 72564 87104 21534 57797 44343 31538 24447 38492 34396 84992 47028 10950 95998 93949 89266 53411 7143 42710 95663 16854 7574 66808 46302 77042 16914 65040 21464 56866 37054 10327 25008 89293 28723 12025 62574 47830 87605 95166 59629 6211 97558 23685 3621 79694 69868 51561 59560 18080 18815 39849 86023 68833 26011 77384 64934 43787 75442 93327 63021 48358 20018 61327 381 51214 54866 88762 21582 95579 9468 48107 67517 94399 53411 37761 62583
400 1 34 1004323
0 0 0 0 0 0 0 0 0 0 0 0 0 0 0 0 0 0 0 0 0 0 0 0 0 0 0 0 0 0 0 0 0 0 0 0 0 0 0 0 0 0 0 0 0 0 0 0 0 0 0 0 0 0 0 0 0 0 0 0 0 0 0 0 0 0 0 0 0 0 0 0 0 0 0 0 0 0 0 0 0 0 0 0 0 0 0 0 0 0 0 0 0 0 0 0 0 0 0 0 0 0 0 0 0 0 0 0 0 0 0 0 0 0 0 0 0 0 0 0 0 0 0 0 0 0 0 0 0 0 0 0 0 0 0 0 0 0 0 0 0 0 0 0 0 0 0 0 0 0 0 0 0 0 0 0 0 0 0 0 0 0 0 0 0 0 0 0 0 0 0 0 0 0 0 0 0 0 0 0 0 0 0 0 0 0 0 0 0 0 0 0 0 0 0 0 0 0 0 0 0 0 0 0 0 0 0 0 0 0 0 0 0 0 0 0 0 0 0 0 0 0 0 0 0 0 0 0 0 0 0 0 0 0 0 0 0 0 0 0 0 0 0 0 0 0 0 0 0 0 0 0 0 0 0 0 0 0 0 0 0 0 0 0 0 0 0 0 0 0 0 0 0 0 0 0 0 0 0 0 0 0 0 0 0 0 0 0 0 0 0 0 0 0 0 0 0 0 0 0 0 0 0 0 0 0 0 0 0 0 0 0 0 0 0 0 0 0 0 0 0 0 0 0 0 0 0 0 0 0 0 0 0 0 0 0 0 0 0 0 0 0 0 0 0 0 0 0 0 0 0 0 0 0 0 0 0 0 0 0 0 0 0 0 0 0 0 0 0 0 0 0 0 0 0 0 0 0 0 0 0 0 0 0 0 0 0 0 0 0 0 0 0 0 0 0 0 0 0 0
400 1 34 1004323
0 0 0 0 0 0 0 0 0 0 0 0 0 0 0 0 0 0 0 0 0 0 0 0 0 0 0 0 0 0 0 0 0 0 0 0 0 0 0 0 0 0 0 0 0 0 0 0 0 0 0 0 0 0 0 0 0 0 0 0 0 0 0 0 0 0 0 0 0 0 0 0 0 0 0 0 0 0 0 0 0 0 0 0 0 0 0 0 0 0 0 0 0 0 0 0 0 0 0 0 0 0 0 0 0 0 0 0 0 0 0 0 0 0 0 0 0 0 0 0 0 0 0 0 0 0 0 0 0 0 0 0 0 0 0 0 0 0 0 0 0 0 0 0 0 0 0 0 0 0 0 0 0 0 0 0 0 0 0 0 0 0 0 0 0 0 0 0 0 0 0 0 0 0 0 0 0 0 0 0 0 0 0 0 0 0 0 0 0 0 0 0 0 0 0 0 0 0 0 0 0 0 0 0 0 0 0 0 0 0 0 0 0 0 0 0 0 0 0 0 0 0 0 0 0 0 0 0 0 0 0 0 0 0 0 0 0 0 0 0 0 0 0 0 0 0 0 0 0 0 0 0 0 0 0 0 0 0 0 0 0 0 0 0 0 0 0 0 0 0 0 0 0 0 0 0 0 0 0 0 0 0 0 0 0 0 0 0 0 0 0 0 0 0 0 0 0 0 0 0 0 0 0 0 0 0 0 0 0 0 0 0 0 0 0 0 0 0 0 0 0 0 0 0 0 0 0 0 0 0 0 0 0 0 0 0 0 0 0 0 0 0 0 0 0 0 0 0 0 0 0 0 0 0 0 0 0 0 0 0 0 0 0 0 0 0 0 0 0 0 0 0 0 0 0 0 0 0 0 0 0 0 0 0 0 0 0 0 0 0 0 0 0 0 0 0 0 0 0 0
473 999999 99 8388607
580077 931769 363001 712345 821748 415794 39394 765310 389816 513563 521464 672059 56897 772494 717926 584311 372362 643296 151617 212690 121502 963310 313685 285156 55203 792386 780472 818918 687003 585669 14969 815199 204412 937683 24706 236225 791355 382076 297979 373812 908633 981393 690260 968940 329262 691288 182680 691672 975565 733496 684460 840794 854912 461991 301159 372570 640948 456670 740618 617960 697217 828961 778480 297699 590043 973712 955145 694598 387538 251747 926052 92452 291622 337462 137160 840911 399926 215835 747483 655724 644448 63223 970595 13685 203853 496324 256937 751703 936262 923681 988816 229334 629448 984096 609997 664170 115267 306335 361717 499455 545234 74492 47029 913296 374109 133405 495341 828866 848356 618472 649029 34938 46368 344267 443985 276160 767320 436306 905994 422432 815535 940369 134808 76748 477227 393727 97778 230900 236504 592655 404944 828405 27505 40616 487444 344036 569547 811481 851109 739322 582146 812164 327138 403410 926807 679046 491712 938645 972440 792556 676434 900260 731281 144307 241460 849531 562208 41129 33202 329796 488299 880402 198474 624688 425537 481052 776963 407986 869511 704578 743892 644423 837013 350501 424754 350863 109377 560601 453987 77191 74462 216320 699479 216317 714141 63691 824762 502642 534172 550202 410777 308392 483324 607932 809077 597165 158641 867359 148373 644085 843706 36206 166245 881937 176801 427694 787946 482642 495808 872600 624144 533471 156758 499466 809481 917352 372878 117346 853833 256660 371024 185475 428134 529848 912375 604224 256654 220323 474254 811720 537587 106902 639957 920499 563844 55260 493475 878583 465909 419721 65960 889335 248645 914785 130828 574492 543916 65747 894381 614719 750912 597790 378795 852097 486032 372949 544373 88883 514225 734275 447937 66942 583643 366625 984217 362222 835494 33407 7131 178633 710962 798695 877814 275724 527073 594060 736296 514517 143385 239502 43667 755885 391366 277866 191639 95847 188352 232102 226364 672135 507938 144759 983378 526456 628704 509069 180564 256757 333124 951023 265984 443932 978549 271787 67483 87307 612139 709843 540912 533285 551611 532246 163875 631542 103686 314341 771837 103124 342099 517343 883517 354839 117066 223135 812387 224321 718059 135676 111199 390115 861788 208379 146379 431193 927240 506842 849196 770250 609678 166310 940549 985167 415448 553232 176268 223012 669488 990298 409795 700954 957407 654330 519130 528472 174006 506392 494902 335220 600121 363511 236448 438934 679664 471365 852782 537757 418729 187333 515314 161349 578649 633260 159207 365159 84869 427338 580237 402244 323514 854443 724042 356991 247532 84349 214624 975139 464280 297143 418983 174460 726427 825263 594765 970472 498056 671501 917786 801586 517836 12356 436320 488018 531139 546120 249009 308881 612975 795066 453297 931811 753629 721107 661234 179510 628856 264307 129544 867570 726536 663623 800817 197973 251641 669250 802727 442617 481392 5932 202111 901269 492504 696632 60821 368299 432355 105938 90204 592576 755993 812546 451087 464911 100825 670245 496151 917412 720886 666739 501560 769119 652547 439697 684716 2318 33550 559411 55037 203879 247227 937423 894597 156022 813803 970509 915551 810860 200635 279389 391166 133116 973272 151529 807371
473 999999 99 8388607
725515 740573 933008 923972 634421 155772 491335 688850 787458 862747 243042 976961 389079 406638 899189 745158 751482 837218 925465 142618 785384 631905 592754 795771 794919 919112 966921 431917 321166 208927 472352 39902 580728 357348 615279 808328 418409 558571 782859 777803 262802 148453 748584 57653 592148 511462 452878 101034 23992 365774 12866 481995 884848 255591 726147 705945 88064 492616 541403 330992 239899 40116 287410 256904 287542 384718 163712 948763 332153 976311 853682 969869 40636 118810 14141 775361 778928 930128 586417 946803 765630 590526 118919 230342 416451 532110 390644 547828 242302 173729 180114 910207 278498 563546 55810 525405 220778 312662 790546 672778 32756 339181 183892 529158 953503 588851 22463 253821 650578 96101 959472 123747 243666 4954 280430 164100 972624 864821 639023 64200 357667 16468 857259 866922 987767 812148 741460 198777 284836 115788 296419 882251 370458 305358 555465 460466 352639 366455 842238 201902 221444 885411 382436 848092 869144 999204 904771 271762 399728 150122 403145 539807 409802 423763 950422 411384 367717 456404 43360 585151 853410 305857 479900 93363 329951 783678 885420 184314 721141 793695 190701 500186 765900 508302 559291 237679 512086 991515 154536 40596 578014 239009 644001 623223 521177 843870 623010 507662 646619 454788 34333 513998 139086 125478 283751 221057 835518 859385 113903 365387 197866 805012 712302 996345 681179 308328 227756 677112 179306 496314 503404 188652 373584 76723 105663 626973 358641 922794 678015 417029 425091 984831 390431 939619 717057 451258 947142 511627 553735 95236 975114 271879 208757 918783 793007 479164 125130 479136 83882 90997 659461 386992 266611 59862 579344 828652 892252 52859 275909 461417 252991 913352 751856 909867 4601 847345 789630 165396 148825 322627 156708 481355 323632 360085 690591 536948 351720 639939 716897 114539 200747 701269 667718 329129 328875 263311 162824 761192 473372 604635 611281 952581 836556 198554 793015 512012 537526 360499 438023 13208 770069 230715 334270 561342 484625 709357 452557 131317 851452 403767 697498 887786 2723 371024 466373 225930 195932 477627 838306 999259 360362 983888 637660 333070 660553 292570 417441 686302 580930 665223 962990 246708 515331 928906 992490 767737 798920 280621 293457 898145 878580 950929 324727 640069 305848 339000 785651 155861 260432 24582 64496 199058 852646 761275 275858 477254 380242 521709 259660 938164 497167 67355 263984 509257 791988 918932 135857 820219 24883 340168 773867 413467 18136 929173 121687 708001 943875 442899 773704 437834 731721 224850 396300 328411 39678 985168 50080 582945 852220 630407 678000 644192 984945 598664 634928 149163 411846 14276 572031 592064 326305 179729 613565 463022 207132 560923 108584 701222 699754 378984 342188 488286 292548 407118 908699 431476 13385 111022 803870 84891 889144 203678 74392 64818 330137 434340 336809 902725 876243 647653 764466 998107 845483 136586 226602 888683 799542 863394 479958 506204 21522 182249 262853 356493 487078 596132 788258 915908 716327 559833 550535 225440 789531 88794 536478 707260 892636 620515 966291 325608 496970 846505 676469 778685 979866 780925 428381 632348 688168 249393 711807 257437 803753 511691 196932 93388 747657 30769 734976 69202 270179 621916 806709
421 999999 97 8388608
639665 249822 578971 296484 892519 413362 462351 888443 961030 466482 115724 268984 306142 774198 415692 828683 668585 729380 522644 99711 110324 397462 291827 748681 666348 212916 943208 863467 466196 24355 474499 955816 434574 35151 551718 351674 930458 436422 861669 891073 934044 779296 160715 109471 640925 383289 504195 322402 572870 327699 390910 285332 564576 822891 806995 350577 235783 8322 403602 293172 808098 474214 292728 227557 375938 53729 195600 286959 990935 682524 927959 987344 169205 372572 456645 447819 680834 597104 11836 889344 730970 633573 989332 83652 891891 661487 627256 674225 395428 662009 691533 541232 645103 416190 654544 632274 57385 148699 101316 930827 591406 613950 347620 484262 576547 671480 504369 663301 697229 647458 472671 74800 244326 29204 603923 799723 992538 289593 9324 878195 313131 888211 753170 213485 381386 746155 414319 316820 588166 741322 750189 564897 514953 21103 447679 891959 81729 179316 195367 88313 727099 594285 561383 127180 730004 474919 411317 191727 32412 411676 850537 324183 172364 479287 925304 868887 186747 188110 567046 131169 593162 830991 514169 923909 810280 22515 195788 923691 626035 477501 811742 8379 573056 325648 93281 998022 320694 509170 478775 470964 443027 60330 688859 577006 172222 305719 935353 19528 996608 294177 248347 628422 212875 995219 655827 195730 791720 64840 200222 495842 166376 225581 26226 662145 803336 557732 24296 341992 664710 248535 764182 301866 921530 596271 702880 404610 527427 316115 901359 130614 512023 444607 734465 64805 103432 389646 328362 21351 39230 922858 709882 727917 675283 161227 902170 241385 751804 834850 450985 516876 925995 387715 116051 801984 430690 708343 711813 778064 468327 537209 331988 620481 199665 847772 442272 399669 436586 748036 575598 494886 398387 699476 614297 942548 140919 100235 893556 890995 517945 529438 610532 583588 784113 199538 273516 541998 198899 413515 175498 871561 240894 73860 126532 860589 291833 540173 929262 295488 899715 382280 331982 163580 980401 825724 443617 665492 567065 936524 844987 708998 966871 842058 880745 306166 434255 534955 866337 545712 720175 56878 194397 62424 106723 109051 574909 175525 786452 386433 893555 117865 695823 182391 422588 27796 162102 60757 368617 625632 973131 642143 991694 746542 729321 801395 780056 151772 587236 823045 414902 290054 754163 311649 509599 931092 343035 903889 357660 842996 447074 79301 173898 935522 543537 616509 563114 541027 585944 491853 200701 754973 394153 267261 959531 7900 201657 264263 967522 290695 469496 71009 330221 705077 326131 179173 502819 261139 242680 797610 545952 93839 802871 139652 749659 520314 677110 730900 359884 609888 160012 534421 391893 188649 880787 940174 764978 450467 545866 915595 242827 596348 823101 864174 913928 173962 726973 988916 196396 39257 114127 207572 601578 112012 148644 916482 740834 347213 846420 149953 309845 594121 58008
421 999999 97 8388608
430980 561111 905073 559210 845952 316056 869086 922426 992677 602675 167919 351996 510574 365782 967236 908825 602890 825898 652501 663730 203352 238214 373089 729958 776380 864634 204573 389450 669001 810090 440320 681069 797886 938128 927781 763465 877499 231620 514800 820224 850129 5374 343285 956780 39248 629546 994919 844905 280270 511709 320496 210199 467881 876149 459448 885039 25627 334284 133065 901654 987716 756367 350943 131159 12959 567040 379397 401027 481716 766275 704863 851235 630699 782768 756383 334492 390079 533653 998437 586194 568123 226201 869559 425477 528258 203145 435771 709881 114824 920997 72996 129493 543618 728710 809698 873815 973244 367482 63661 494424 69417 344862 56596 556461 479138 642791 256516 222320 753513 909190 206840 496462 196923 236076 208938 433598 42976 41049 599038 111843 228927 256775 32184 513591 757319 297783 133054 69561 813858 661403 4019 435577 897804 895857 923771 323157 63608 363466 635426 810685 384883 432560 559084 107494 437235 52376 245481 258616 410238 725794 239709 534649 543875 143678 751524 536851 312129 660538 566008 72030 807577 964139 784676 645952 721693 988556 875003 442471 375071 656821 36220 878418 243244 56735 474468 559536 363354 447691 291903 584193 358877 950072 15127 560694 300715 652438 730880 364811 550815 943879 696472 578993 611867 748767 557117 676316 102765 645632 729509 226263 23989 762562 728209 305509 812858 974921 953053 823988 827970 770113 845665 282615 828639 547345 528614 8088 350663 797253 694409 935885 324797 577141 957189 315435 138536 635389 651907 375703 933086 167012 176277 212562 869480 735163 457107 195800 684481 494764 864055 400111 41878 64732 647569 665149 808619 374754 131721 680492 196748 876473 574394 979255 626521 54371 101424 273442 960681 781105 380104 15080 275476 416570 885546 182596 512102 739643 740415 544208 123824 43793 583580 889467 819734 492704 348143 703289 926655 170198 222326 419496 868426 968992 858060 721229 463908 82278 30784 433593 190056 757302 207573 138675 793310 154475 90903 737638 128762 9537 380282 165822 284692 888840 646662 712762 772636 498128 900417 932154 765264 95848 131854 590242 950261 384185 977548 473356 8143 463921 464517 16271 974768 812605 450996 178445 971485 948664 258629 691290 884484 629628 635227 954845 518670 275044 579857 787373 166774 411856 573459 648429 793790 114179 571731 686881 818940 684956 791630 242245 349168 610376 894578 349385 535685 826166 26225 908798 786477 642634 959810 149677 181742 105292 281783 642597 144761 922838 753876 610378 239252 428763 131484 748347 59891 765562 223620 851206 726790 356276 969885 285269 402921 388607 375575 870070 829401 883048 501769 757422 449069 903702 81075 985398 790084 196207 752132 937891 139240 887257 552247 533867 870761 584833 275217 503087 826349 688373 217441 632375 175229 471904 485104 885000 480688 242363 195356 430346 278404 556608 582045 363567 264159
497 999999 100 8388609
384970 287752 462612 119451 955249 336847 730747 744317 355025 985397 584183 876451 398088 400760 101654 869241 399962 653465 850407 381926 521830 624379 359534 433731 478727 733160 699736 990240 908863 972378 591428 191356 950958 981669 713017 580241 826452 146311 131268 942618 473478 954578 25602 615791 529469 98276 128226 376759 209270 50795 551953 268825 875631 107095 927586 976042 348968 119972 22761 604893 253237 416984 264095 982564 944838 632429 834544 831208 821392 438723 267823 427542 57268 411576 711767 607191 62756 513329 282527 223114 213742 928830 181443 417521 648765 238227 496505 316634 180334 161042 860246 7679 617374 355922 385961 907472 45688 10417 554121 881996 863288 205174 970857 726309 617503 286933 170392 864201 940697 734665 883281 376934 131519 253271 442370 720468 178511 79175 248299 740539 272997 732226 466467 844958 108089 698250 377316 442519 510708 776640 51802 7874 203484 77377 273942 381768 743417 901815 882308 165998 934168 991655 952340 322473 258864 880438 491349 335749 130273 331967 568097 548417 5252 100005 48821 528721 660316 493650 361574 579770 175227 482739 960764 749734 421446 327671 413769 952387 102368 968015 281479 57380 642168 654293 214680 59609 470168 557282 938122 687069 497582 339253 44158 56553 833518 921481 767828 236578 37118 932430 165271 826915 452695 570972 367314 914096 424767 869019 830159 12266 439839 587951 754987 848771 491819 233199 98401 103844 217946 921375 845555 463759 602094 84311 467863 596855 292346 244386 737139 911766 829680 345524 318071 207272 334691 374225 810878 573103 449166 255011 166057 151125 579439 254663 643043 616223 738371 379619 734727 486305 532836 500916 729639 620775 93590 191041 833719 516858 994402 507072 23525 263150 457316 204488 52762 259778 390917 116009 284012 64524 58484 679860 267530 974311 422901 851818 238982 201410 465199 885422 958010 753747 23604 714727 559491 378699 949973 923969 339359 179720 630484 538520 646882 765214 167461 121505 305257 39001 769199 910459 232393 991752 144690 978406 183774 102796 950083 653709 789263 211631 583800 683104 305727 968547 877138 872257 757351 223736 477275 188249 385538 964226 969513 558334 580234 658073 35676 849381 714594 115130 195491 762337 554824 223806 927876 626112 167108 173177 218971 325254 493473 19811 833800 845785 18477 708709 858455 173580 198587 907717 309651 529654 576138 264787 858535 176744 749729 947462 965647 281552 622937 573980 973868 567028 603235 895329 956261 739067 672976 837674 365670 921992 504321 764499 782947 587210 39985 67860 310695 709392 211688 448100 409380 134587 718167 491434 222720 394604 34638 404745 689188 452074 75573 16994 986533 110544 182681 406590 106187 73986 359949 764135 604415 890093 927640 349873 827115 261749 17102 655252 155119 461019 578271 127964 66869 830074 821756 69828 65365 603393 267359 566909 766233 535628 820915 561234 693815 69519 551337 423483 582121 28205 89720 636032 227564 66348 822393 445730 190304 364397 299804 595764 891119 300407 533078 496014 900647 83768 100163 441252 467889 585216 233415 736565 584846 847524 310503 839393 134164 11214 420511 877525 916657 639690 927107 152462 605600 678172 200664 487496 924637 530774 941192 529899 596210 990130 763974 366584 857370 3943 969767 62616 589840 512803 671452 981952 361212 843694 698997 999786 924156 393514 954628 965861 970513 587030 140057 28145 187134 343611 27662 676219 910363 537125 697491 613785 926031
497 999999 100 8388609
979961 121836 523366 116273 462343 840407 94986 468759 474675 54652 985204 278547 126549 49838 652756 845284 827883 840301 361846 171797 669665 471122 792691 716478 92820 464163 998436 421715 934565 235037 811570 962480 505240 545067 545456 875301 659483 322635 424850 778938 260627 607098 873670 695290 193620 1798 511025 233546 601850 288603 243486 91859 290368 899795 541301 727451 173765 663577 693888 836837 575220 601005 26863 778266 53167 819850 789258 551497 229853 763682 597895 623867 219252 243883 494049 407746 156196 26381 265018 647367 858731 857624 484997 718080 202431 486612 471321 528423 550540 901829 906277 792155 880596 193280 229898 830548 162613 436206 175633 837726 404731 957311 120335 446335 724598 560358 859294 37618 450108 190744 14204 787959 212433 639675 362914 637099 406074 924639 368107 827695 19808 853856 101557 158154 232003 651598 799220 978254 479673 432621 1372 432503 3726 172797 47333 641483 441193 264772 708077 37346 434322 210433 73346 521521 49990 685963 657908 477834 840758 246229 638878 589824 593213 863361 255208 414329 614296 749845 36395 763020 5738 940174 15975 861750 90091 25252 791697 826769 348917 620979 124712 835087 556667 813844 781482 669750 984719 141752 484178 64715 988068 232179 704124 91444 383839 404119 334180 139725 637560 702810 905609 871950 559683 685296 218658 37813 854867 40568 735467 473141 967212 983557 724746 960970 984226 514241 108430 739436 473627 536835 256251 82987 24581 105602 635210 50684 320076 964023 511393 240844 733334 527851 524994 108157 897170 370161 205900 783308 723748 730560 802550 955317 690065 675341 416139 319540 500842 108053 67866 224721 707501 705695 823971 742326 86294 679200 194114 231672 916555 413827 428529 426484 35483 610652 606970 474823 904906 549798 225393 387069 116780 545484 642249 995722 886505 557288 146039 318291 240628 632233 183685 316874 478869 701271 556041 870208 518097 719504 291374 98593 372216 695654 944622 979961 903173 556674 109244 135276 214978 391675 771671 476900 891395 966004 767896 215666 380701 16996 575501 902594 699675 966705 633233 703117 334099 863756 687626 941623 284874 464384 646533 439030 334971 168240 949402 355190 996608 445935 450884 724620 604638 239501 230232 301594 141106 180609 380259 456093 349681 919621 109039 858025 783758 558368 989537 111306 622737 444101 444802 142188 544051 134911 692864 696269 935080 241084 422923 55355 554221 605696 693494 121565 922856 684780 548161 494277 735145 101102 591126 210949 505069 848091 591214 516255 84474 923871 446768 494455 635934 103480 448078 545552 813461 545034 938595 423337 31934 881033 999973 655086 428822 750618 428616 899171 875421 779437 723129 395861 315439 487132 242465 696676 843922 829960 592788 524762 613172 530276 752938 283385 513722 555325 114496 367032 863252 749674 158132 303037 258158 616503 598867 385813 79723 49457 490434 59748 165219 272148 22760 844556 152566 741876 337581 106811 765138 814649 156952 819939 244427 435345 896669 417112 232597 856110 608057 90062 377800 491739 547740 149873 758871 32267 384172 487829 366158 22350 621439 141367 187007 21909 384012 13291 179505 331501 725626 585979 978093 189563 135167 241118 528449 213291 635002 261925 90556 453893 875575 319400 536267 908649 520393 148497 608648 265358 184858 553237 705887 336887 232266 859113 390002 820007 847931 222806 212163 766557 764724 811202 560088 364567 455371 680652 718363 333769 358379 795693 136462
500 999999 100 10000000
525352 249541 373684 199106 43374 568502 553189 722283 298259 591634 180934 264203 237690 507300 198485 281470 638592 419605 973785 600872 320207 601270 503006 116097 65173 286537 312577 985419 45492 988488 983300 939754 800250 575164 468403 560420 61973 588829 627410 636016 978488 542793 647719 957769 527172 180137 275734 162736 168452 928726 29456 484228 35441 36900 814386 518844 206587 124182 614627 369470 858192 131423 181055 773642 343707 904716 888436 76628 496638 897494 183364 158607 703980 725146 294891 675339 547021 556564 129730 221677 56409 576971 523905 277299 878350 6413 272721 44059 898816 408293 610918 534298 122635 272320 64919 519519 854332 106242 848994 198777 477619 520743 227276 696182 380374 41893 513440 746868 822017 635485 629977 180826 790135 177693 398906 63947 143246 356366 985797 605682 586565 737380 169005 192674 277661 980395 355959 157731 108859 438405 518412 143545 963289 625446 468496 170495 491435 286855 147483 767937 205066 56426 849110 778342 935426 934871 549356 693659 952564 73943 764530 633280 292660 600579 609565 322988 90239 465488 978372 684248 962144 550500 18150 893229 740147 519099 319501 18925 99052 144481 494261 599753 877196 99536 62884 768011 136203 443112 823276 781547 256869 286950 122957 72042 618053 377651 706403 169262 655461 578060 59478 110670 347174 482443 422791 195756 422818 649820 895890 194473 843239 189845 304141 369146 347565 685592 750181 919240 114512 687643 21816 708350 834843 263821 278240 382783 741820 338981 686447 241138 396546 809202 929718 464216 275054 664776 760046 564675 454049 606355 16390 165767 942137 888643 780613 468572 453451 375998 593008 17066 670522 44320 899246 620428 293300 413614 150669 541944 421166 645580 229752 313884 64836 290628 122665 787734 835019 918666 10752 279161 104717 118076 202850 917061 192012 597202 580295 556112 360261 372778 476497 862145 682531 279621 162966 429771 67177 286010 363655 41592 991415 349085 469495 428395 739798 794674 375010 139696 194428 455905 108866 384012 473818 54975 680247 948234 967250 562468 812926 555472 561524 518583 488904 270763 106961 550652 473497 813989 419534 571317 243737 889414 366022 391755 991980 891188 829026 734308 626575 594197 598763 878910 941474 689656 488478 427674 376681 274787 220368 922013 41374 655984 878896 296692 921612 74828 978354 405142 444486 216320 441558 100469 820578 608729 36562 606476 836637 274408 68238 163116 20303 240961 371634 180724 348787 772140 903944 387417 923377 427848 482005 704038 281629 312605 462158 831003 269128 121876 409384 781445 642705 845626 52562 845022 826967 238476 72737 716760 496020 415823 521276 775313 902263 185332 914772 745011 124139 973140 303593 226076 654687 454171 860926 827365 2807 245913 789214 886044 229082 275064 590846 8542 588054 676396 999980 917159 698817 333220 122376 336742 915805 418826 580107 905737 821650 548283 708038 346067 13990 399957 98922 376144 608086 916133 44021 101442 127151 442115 666095 866968 702232 413178 791661 806035 753553 448741 859375 569689 575165 963150 411430 971181 494798 652436 964825 529853 530784 466412 309414 148806 717924 925514 529555 410743 524174 891737 296303 226342 30025 153044 226956 819549 792460 430626 358875 284156 565351 668397 34435 196043 298175 714085 743975 15467 84927 751297 723649 263750 985108 91939 355008 708771 888653 188362 663242 43617 846676 974612 460914 792763 539922 896154 934076 430189 806773 237443 717658 943757 402720 606729
500 999999 100 10000000
91368 430229 83219 343569 975111 577621 477323 818380 590342 175899 826101 892742 974872 488615 920862 210385 531842 571581 768998 276728 71069 613918 532957 189035 365866 513464 323726 456984 625852 589121 712679 146976 784902 85860 963731 215214 184309 44245 847788 155185 445616 630576 849382 724138 636820 612478 947491 275503 807551 926225 166924 635090 237829 644904 306556 332039 788390 50780 942751 142470 154547 457617 834519 651881 40121 85105 620438 384092 818938 649037 624241 255615 649622 154251 937519 505310 612057 62393 157595 752555 850370 259377 770450 960408 168188 869932 594879 939048 385053 383260 354383 375380 114468 907728 810191 628991 649859 818017 765380 335985 744382 78333 11603 622453 345460 450930 340981 95754 410005 896202 52624 881344 405001 662966 341599 216374 279955 866186 632564 583059 373929 234863 151779 549170 575683 817760 125038 716785 114796 272944 64155 40371 645993 42219 764120 873430 956524 559708 135318 573736 752168 616000 924208 808391 967220 300450 849300 465298 407878 965808 339560 40394 995265 557986 644733 902245 875915 611738 430618 869753 855349 540144 489109 542163 633593 167563 89843 916461 438300 786007 166853 762410 49104 351388 61996 359186 105679 61011 419743 878867 940479 114480 262535 842694 318312 214148 244092 143779 416847 196543 780868 675830 784863 203963 435681 690506 665091 841807 568798 499832 885690 335722 539745 203732 424875 51844 887306 381863 336133 594801 933032 718542 749075 233315 15789 467976 651215 264215 571486 755537 662961 311702 677772 325341 546813 415066 991364 96496 448653 618452 577321 363463 247335 989056 220716 520113 492880 265201 336909 795857 734209 208489 488669 191978 313304 191830 226358 558438 517182 281017 882600 111 868630 485024 97579 775306 289367 185505 118029 504777 608384 671111 868605 770720 100660 159470 663207 912338 59082 775175 572344 55775 971180 706742 382129 588959 882547 320021 969432 898590 887093 395389 240272 96500 709632 602607 427873 302544 395519 358786 698319 470319 244967 42078 42021 583237 894805 565013 208316 909092 774300 562816 18158 741368 190234 958756 674675 232455 229656 44454 996936 100585 276491 354253 620561 95796 289144 499238 339204 613027 759188 412195 540417 3078 778772 323684 902696 998790 502506 173456 27552 957759 954575 529059 738390 41634 260217 55420 704611 9595 732794 316494 799286 832440 659353 284798 112259 282540 898407 962782 904569 519703 957217 603815 290948 78395 341804 660572 479374 180945 426970 963252 194080 433890 413910 247155 491704 776053 977282 146039 367072 220118 3860 151201 421345 223914 78133 488048 914319 562062 88869 98322 913782 353495 769166 152754 968409 388941 280183 588457 328655 40210 8589 299429 364857 324877 800862 971121 979779 356290 716086 293400 542581 513717 155820 937893 822085 220396 423808 324712 396821 81652 616604 720403 3697 390387 521813 207353 187589 426741 347102 43476 461611 525399 96498 604096 802835 368918 16302 381504 93248 22906 956675 759033 918966 285911 163905 515186 576172 279363 255523 156876 863152 274004 393834 488642 421018 770626 502061 37584 681557 615816 448429 441090 293008 418705 249862 826746 799627 429072 802010 904707 303076 141756 121862 690131 970765 666238 319413 249229 577738 99546 599725 814456 842891 398772 81617 547970 549946 673748 627411 42770 933480 111578 62165 341171 302942 739703 248857 147298 24892 30813 798989 827340 538033 132500 953901 165619 880585 942561
500 1000000 100 10000000
404102 610730 801991 378243 755968 360574 381700 818883 617886 704937 983457 757656 613057 444165 780624 669524 907065 110022 701310 291475 417035 199030 532564 830963 291314 758342 787250 987814 456528 308533 255507 398993 278895 337683 412640 365592 636678 851117 105343 971422 950638 711189 188111 952579 969376 751479 31724 927367 356430 899777 75675 845941 376001 794237 846422 769054 224197 627063 113332 335287 802649 200110 104193 526115 981390 426782 952180 588218 647869 764581 796131 222380 88967 312710 206025 398372 502900 559076 855529 405182 687879 11089 613489 995973 204403 194629 476242 737146 558055 755543 12622 920874 199693 648062 243541 650491 389884 644505 128009 958107 224480 650650 77476 63824 368201 561137 170378 135930 293097 639295 988734 161440 68772 655750 248713 786372 1238 270200 646998 235115 667278 390731 594863 668281 141191 495040 761808 588405 460797 147958 600648 152872 629572 199629 275918 503444 701792 398729 667473 471770 747560 405100 371158 270238 744592 436177 868431 27562 693632 31571 286792 278465 504380 670198 422920 766840 448798 224320 950375 171768 228675 484870 983747 615750 954331 242452 421119 64556 581316 658372 736739 978037 602006 910080 145746 821298 38947 345412 312853 295594 36834 629987 26848 398323 600002 622145 512784 671507 272294 959803 303750 248112 806190 593595 844076 555603 118068 750678 245868 786099 76476 63578 870730 492498 920278 848449 658566 919967 353570 767122 375314 932141 614217 357317 201517 641443 62907 165393 333572 102862 89584 466017 519564 680597 384136 803113 701534 946920 868221 836487 186077 222640 835099 228481 15125 118549 94344 555045 458812 687215 168320 475599 802274 44504 837280 646058 848275 570202 579986 109392 807525 47112 706699 148112 498574 348008 231435 833028 29143 529811 780351 752688 380784 444368 83137 657843 568727 225206 844297 5333 298806 259640 41180 635760 293319 505608 945648 69328 707722 262603 416253 154214 310009 756087 257794 51864 344661 144753 695133 793570 253050 810015 258144 892714 672153 37099 624668 747050 383466 447113 218355 815401 133989 789464 608259 803147 501157 954002 7069 340873 223585 312275 414848 890558 669515 747244 205150 863676 364834 980867 200401 185594 752528 58893 533412 790622 605471 102274 841893 782111 764394 684540 592859 241963 122933 444532 583789 923927 31624 793862 917418 315064 542713 828470 997035 799746 167660 803664 339171 910574 69222 782008 250535 900579 859975 313433 666091 121095 429153 256958 695139 939664 469690 103380 672279 182358 627331 408318 760131 334892 443681 194986 400693 986896 515082 436066 162204 253728 539184 974053 778387 160208 171084 489462 426955 220628 860912 376248 544243 699440 94735 633842 722860 286968 710659 135151 489206 174551 212003 879917 7766 763459 249411 92800 9019 491988 693792 275565 487870 515076 971954 572742 969455 220855 586802 60136 389207 818473 993988 815574 884055 481590 256881 881240 41631 781909 151729 476996 404359 397129 644892 74051 275303 327670 914025 188354 122644 106585 335071 3097 129672 736989 106962 179686 687154 341417 435881 466566 874963 757467 450974 965274 229838 564102 273379 163094 346156 272999 910453 91685 106581 669306 897069 221066 589476 536192 855857 948322 949943 247558 398267 790414 821376 963289 38322 640468 34390 411420 40954 696911 700017 491590 376768 924835 954028 184160 205142 158968 909260 499373 557510 207611 612839 450922 142728 566936 55143 288317 446369 605004
500 1000000 100 10000000
435352 735730 5116 846993 21593 954324 522325 693883 758511 798687 389707 882656 316182 756665 936874 325774 782065 781897 716935 213350 776410 870905 32564 659088 478814 242717 68500 190939 722153 980408 302382 258368 13270 134558 490765 678092 652303 147992 324093 96422 44388 633064 531861 124454 375626 626479 641099 583617 293930 790402 153800 955316 891626 700487 237047 347179 880447 423938 753957 897787 818274 28235 119818 307365 872015 723657 92805 369468 835369 498956 171131 534880 370217 718960 549775 23372 877900 465326 527404 702057 656629 870464 519739 558473 95028 804004 38742 268396 901805 661793 575122 811499 762193 54312 415416 869241 155509 738255 659259 379982 21355 791275 749351 298199 133826 373637 514128 557805 11847 514295 426234 20815 803147 858875 733088 895747 641863 910825 100123 938240 573528 953231 719863 855781 906816 854415 621183 150905 351422 22958 616273 152872 520197 949629 682168 456569 748667 851854 589348 956145 372560 639475 668033 629613 88342 404927 524681 965062 678007 109696 333667 59715 738755 998323 313545 63715 823798 114945 872250 624893 338050 125495 264997 740750 219956 617452 389869 877056 456316 33372 2364 712412 539506 160080 505121 290048 179572 376662 828478 295594 833709 395612 386223 804573 709377 215895 747159 874632 662919 678553 475625 716862 634315 984220 828451 71228 118068 47553 73993 176724 873351 532328 261355 476873 107778 567199 799191 607467 728570 954622 62814 572766 692342 138567 60892 219568 859782 415393 708572 352862 605209 544142 457064 289972 556011 303113 76534 384420 665096 367737 701702 35140 553849 853481 312000 665424 625594 55045 130687 468465 637070 928724 130399 810129 181030 411683 551400 476452 689361 46892 651275 843987 831699 38737 764199 160508 559560 348653 185393 217311 61601 924563 99534 303743 333137 657843 584352 522081 625547 739708 517556 728390 509930 698260 230819 52483 461273 209953 20222 215728 713128 794839 185009 662337 39044 895614 79036 254128 7633 168570 831175 13140 367519 814589 625278 771474 280918 387675 570966 462738 890230 643526 821489 773839 92634 725022 157407 172752 350819 293998 942335 609150 39848 46808 138265 200369 80150 207426 224209 855867 747276 451219 33778 74518 49037 837497 27346 586649 779393 828986 561269 28290 530359 616963 326058 585157 177539 673927 781624 325112 42418 80689 448963 31595 684535 690371 261410 397414 104796 238699 100472 750758 359910 306829 203725 672808 306716 449220 210403 116333 726389 174039 250940 790880 797279 57358 783581 783318 166381 647392 599931 710611 760068 861896 780707 232941 365329 941228 773559 161553 465887 769583 405459 520712 973830 798753 892162 63748 294243 418190 313485 883842 894735 208843 523159 72651 254831 299551 462003 629917 710891 200959 296286 420925 305894 445113 412542 72440 909745 405701 721954 650867 828830 767730 618052 263261 201707 912223 290863 65574 555930 903465 413131 240615 401006 391284 214229 789496 513734 272129 269892 58426 994053 780795 929650 235229 935144 106585 772571 81222 817172 361989 231962 679686 905904 841417 373381 372816 78088 523092 450974 309024 245463 32852 382754 116219 346156 741749 410453 529185 669081 794306 100194 767941 58226 989317 574607 682697 699943 91308 382642 759164 774501 369539 132072 202968 800015 645795 306579 259411 950017 616590 1768 18585 625903 559160 642642 627718 112385 780623 26260 395111 940964 810297 220853 160686 867643 132067 649494 26879
